PAWN						S_PAWN						KNIGHT						S_KNIGHT					
초급검	1	15	0.2	도+1	2000 	초급검	1	15	0.26	도+1	1538 	초급검	1 	15 	0.3	도+1	1333 	초급검	1	15	0.5	도+1	800 
	1	15	0.1	도+2	4000 		1	15	0.13	도+2	3077 		1 	15 	0.15	도+2	2667 		1	15	0.25	도+2	1600 
	1	15	0.4	장검+0	1000 		1	15	0.52	장검+0	769 		1 	15 	0.6	장검+0	667 		1	15	1	장검+0	400 
	1	15	0.2	장검+1	2000 		1	15	0.26	장검+1	1538 		1 	15 	0.3	장검+1	1333 		1	15	0.5	장검+1	800 
	1	15	0.1	장검+2	4000 		1	15	0.13	장검+2	3077 		1 	15 	0.15	장검+2	2667 		1	15	0.25	장검+2	1600 
	1	15	0.4	월도+0	1000 		1	15	0.52	월도+0	769 		1 	15 	0.6	월도+0	667 		1	15	1	월도+0	400 
	1	15	0.2	월도+1	2000 		1	15	0.26	월도+1	1538 		1 	15 	0.3	월도+1	1333 		1	15	0.5	월도+1	800 
	1	15	0.1	월도+2	4000 		1	15	0.13	월도+2	3077 		1 	15 	0.15	월도+2	2667 		1	15	0.25	월도+2	1600 
	5	15	0.4	세검+0	1000 		5	15	0.52	세검+0	769 		5 	15 	0.6	세검+0	667 		5	15	1	세검+0	400 
	5	15	0.2	세검+1	2000 		5	15	0.26	세검+1	1538 		5 	15 	0.3	세검+1	1333 		5	15	0.5	세검+1	800 
	5	15	0.1	세검+2	4000 		5	15	0.13	세검+2	3077 		5 	15 	0.15	세검+2	2667 		5	15	0.25	세검+2	1600 
	5	15	0.2	낭아도+0	2000 		5	15	0.26	낭아도+0	1538 		5 	15 	0.3	낭아도+0	1333 		5	15	0.5	낭아도+0	800 
	5	15	0.1	낭아도+1	4000 		5	15	0.13	낭아도+1	3077 		5 	15 	0.15	낭아도+1	2667 		5	15	0.25	낭아도+1	1600 
	5	15	0.04	낭아도+2	10000 		5	15	0.052	낭아도+2	7692 		5 	15 	0.06	낭아도+2	6667 		5	15	0.1	낭아도+2	4000 
초급양손검	1	15	0.4	대도+0	1000 	초급양손검	1	15	0.52	대도+0	769 	초급양손검	1 	15 	0.6	대도+0	667 	초급양손검	1	15	1	대도+0	400 
	1	15	0.2	대도+1	2000 		1	15	0.26	대도+1	1538 		1 	15 	0.3	대도+1	1333 		1	15	0.5	대도+1	800 
	1	15	0.1	대도+2	4000 		1	15	0.13	대도+2	3077 		1 	15 	0.15	대도+2	2667 		1	15	0.25	대도+2	1600 
	1	15	0.4	장창+0	1000 		1	15	0.52	장창+0	769 		1 	15 	0.6	장창+0	667 		1	15	1	장창+0	400 
	1	15	0.2	장창+1	2000 		1	15	0.26	장창+1	1538 		1 	15 	0.3	장창+1	1333 		1	15	0.5	장창+1	800 
	1	15	0.1	장창+2	4000 		1	15	0.13	장창+2	3077 		1 	15 	0.15	장창+2	2667 		1	15	0.25	장창+2	1600 
	1	15	0.4	단두도+0	1000 		1	15	0.52	단두도+0	769 		1 	15 	0.6	단두도+0	667 		1	15	1	단두도+0	400 
	1	15	0.2	단두도+1	2000 		1	15	0.26	단두도+1	1538 		1 	15 	0.3	단두도+1	1333 		1	15	0.5	단두도+1	800 
	1	15	0.1	단두도+2	4000 		1	15	0.13	단두도+2	3077 		1 	15 	0.15	단두도+2	2667 		1	15	0.25	단두도+2	1600 
	5	15	0.4	쇄후쌍구+0	1000 		5	15	0.52	쇄후쌍구+0	769 		5 	15 	0.6	쇄후쌍구+0	667 		5	15	1	쇄후쌍구+0	400 
	5	15	0.2	쇄후쌍구+1	2000 		5	15	0.26	쇄후쌍구+1	1538 		5 	15 	0.3	쇄후쌍구+1	1333 		5	15	0.5	쇄후쌍구+1	800 
	5	15	0.1	쇄후쌍구+2	4000 		5	15	0.13	쇄후쌍구+2	3077 		5 	15 	0.15	쇄후쌍구+2	2667 		5	15	0.25	쇄후쌍구+2	1600 
	5	15	0.2	선인극+0	2000 		5	15	0.26	선인극+0	1538 		5 	15 	0.3	선인극+0	1333 		5	15	0.5	선인극+0	800 
	5	15	0.1	선인극+1	4000 		5	15	0.13	선인극+1	3077 		5 	15 	0.15	선인극+1	2667 		5	15	0.25	선인극+1	1600 
	5	15	0.04	선인극+2	10000 		5	15	0.052	선인극+2	7692 		5 	15 	0.06	선인극+2	6667 		5	15	0.1	선인극+2	4000 
초급두손검	1	15	0.2	단도+1	2000 	초급두손검	1	15	0.26	단도+1	1538 	초급두손검	1 	15 	0.3	단도+1	1333 	초급두손검	1	15	0.5	단도+1	800 
	1	15	0.1	단도+2	4000 		1	15	0.13	단도+2	3077 		1 	15 	0.15	단도+2	2667 		1	15	0.25	단도+2	1600 
	1	15	0.4	아미자+0	1000 		1	15	0.52	아미자+0	769 		1 	15 	0.6	아미자+0	667 		1	15	1	아미자+0	400 
	1	15	0.2	아미자+1	2000 		1	15	0.26	아미자+1	1538 		1 	15 	0.3	아미자+1	1333 		1	15	0.5	아미자+1	800 
	1	15	0.1	아미자+2	4000 		1	15	0.13	아미자+2	3077 		1 	15 	0.15	아미자+2	2667 		1	15	0.25	아미자+2	1600 
	1	15	0.4	서역단도+0	1000 		1	15	0.52	서역단도+0	769 		1 	15 	0.6	서역단도+0	667 		1	15	1	서역단도+0	400 
	1	15	0.2	서역단도+1	2000 		1	15	0.26	서역단도+1	1538 		1 	15 	0.3	서역단도+1	1333 		1	15	0.5	서역단도+1	800 
	1	15	0.1	서역단도+2	4000 		1	15	0.13	서역단도+2	3077 		1 	15 	0.15	서역단도+2	2667 		1	15	0.25	서역단도+2	1600 
	5	15	0.4	구치구+0	1000 		5	15	0.52	구치구+0	769 		5 	15 	0.6	구치구+0	667 		5	15	1	구치구+0	400 
	5	15	0.2	구치구+1	2000 		5	15	0.26	구치구+1	1538 		5 	15 	0.3	구치구+1	1333 		5	15	0.5	구치구+1	800 
	5	15	0.1	구치구+2	4000 		5	15	0.13	구치구+2	3077 		5 	15 	0.15	구치구+2	2667 		5	15	0.25	구치구+2	1600 
	5	15	0.2	천축단도+0	2000 		5	15	0.26	천축단도+0	1538 		5 	15 	0.3	천축단도+0	1333 		5	15	0.5	천축단도+0	800 
	5	15	0.1	천축단도+1	4000 		5	15	0.13	천축단도+1	3077 		5 	15 	0.15	천축단도+1	2667 		5	15	0.25	천축단도+1	1600 
	5	15	0.04	천축단도+2	10000 		5	15	0.052	천축단도+2	7692 		5 	15 	0.06	천축단도+2	6667 		5	15	0.1	천축단도+2	4000 
초급활	1	15	0.4	단궁+0	1000 	초급활	1	15	0.52	단궁+0	769 	초급활	1 	15 	0.6	단궁+0	667 	초급활	1	15	1	단궁+0	400 
	1	15	0.2	단궁+1	2000 		1	15	0.26	단궁+1	1538 		1 	15 	0.3	단궁+1	1333 		1	15	0.5	단궁+1	800 
	1	15	0.1	단궁+2	4000 		1	15	0.13	단궁+2	3077 		1 	15 	0.15	단궁+2	2667 		1	15	0.25	단궁+2	1600 
	1	15	0.4	장궁+0	1000 		1	15	0.52	장궁+0	769 		1 	15 	0.6	장궁+0	667 		1	15	1	장궁+0	400 
	1	15	0.2	장궁+1	2000 		1	15	0.26	장궁+1	1538 		1 	15 	0.3	장궁+1	1333 		1	15	0.5	장궁+1	800 
	1	15	0.1	장궁+2	4000 		1	15	0.13	장궁+2	3077 		1 	15 	0.15	장궁+2	2667 		1	15	0.25	장궁+2	1600 
	1	15	0.4	합성궁+0	1000 		1	15	0.52	합성궁+0	769 		1 	15 	0.6	합성궁+0	667 		1	15	1	합성궁+0	400 
	1	15	0.2	합성궁+1	2000 		1	15	0.26	합성궁+1	1538 		1 	15 	0.3	합성궁+1	1333 		1	15	0.5	합성궁+1	800 
	1	15	0.1	합성궁+2	4000 		1	15	0.13	합성궁+2	3077 		1 	15 	0.15	합성궁+2	2667 		1	15	0.25	합성궁+2	1600 
	5	15	0.4	전궁+0	1000 		5	15	0.52	전궁+0	769 		5 	15 	0.6	전궁+0	667 		5	15	1	전궁+0	400 
	5	15	0.2	전궁+1	2000 		5	15	0.26	전궁+1	1538 		5 	15 	0.3	전궁+1	1333 		5	15	0.5	전궁+1	800 
	5	15	0.1	전궁+2	4000 		5	15	0.13	전궁+2	3077 		5 	15 	0.15	전궁+2	2667 		5	15	0.25	전궁+2	1600 
	5	15	0.2	기마장궁+0	2000 		5	15	0.26	기마장궁+0	1538 		5 	15 	0.3	기마장궁+0	1333 		5	15	0.5	기마장궁+0	800 
	5	15	0.1	기마장궁+1	4000 		5	15	0.13	기마장궁+1	3077 		5 	15 	0.15	기마장궁+1	2667 		5	15	0.25	기마장궁+1	1600 
	5	15	0.04	기마장궁+2	10000 		5	15	0.052	기마장궁+2	7692 		5 	15 	0.06	기마장궁+2	6667 		5	15	0.1	기마장궁+2	4000 
초급방울	1	15	0.4	동령+0	1000 	초급방울	1	15	0.52	동령+0	769 	초급방울	1 	15 	0.6	동령+0	667 	초급방울	1	15	1	동령+0	400 
	1	15	0.2	동령+1	2000 		1	15	0.26	동령+1	1538 		1 	15 	0.3	동령+1	1333 		1	15	0.5	동령+1	800 
	1	15	0.1	동령+2	4000 		1	15	0.13	동령+2	3077 		1 	15 	0.15	동령+2	2667 		1	15	0.25	동령+2	1600 
	1	15	0.4	은령+0	1000 		1	15	0.52	은령+0	769 		1 	15 	0.6	은령+0	667 		1	15	1	은령+0	400 
	1	15	0.2	은령+1	2000 		1	15	0.26	은령+1	1538 		1 	15 	0.3	은령+1	1333 		1	15	0.5	은령+1	800 
	1	15	0.1	은령+2	4000 		1	15	0.13	은령+2	3077 		1 	15 	0.15	은령+2	2667 		1	15	0.25	은령+2	1600 
	5	15	0.2	금령+0	2000 		5	15	0.26	금령+0	1538 		5 	15 	0.3	금령+0	1333 		5	15	0.5	금령+0	800 
	5	15	0.1	금령+1	4000 		5	15	0.13	금령+1	3077 		5 	15 	0.15	금령+1	2667 		5	15	0.25	금령+1	1600 
	5	15	0.04	금령+2	10000 		5	15	0.052	금령+2	7692 		5 	15 	0.06	금령+2	6667 		5	15	0.1	금령+2	4000 
초급부채	1	15	0.2	백선+1	2000 	초급부채	1	15	0.26	백선+1	1538 	초급부채	1 	15 	0.3	백선+1	1333 	초급부채	1	15	0.5	백선+1	800 
	1	15	0.1	백선+2	4000 		1	15	0.13	백선+2	3077 		1 	15 	0.15	백선+2	2667 		1	15	0.25	백선+2	1600 
	1	15	0.4	철편선+0	1000 		1	15	0.52	철편선+0	769 		1 	15 	0.6	철편선+0	667 		1	15	1	철편선+0	400 
	1	15	0.2	철편선+1	2000 		1	15	0.26	철편선+1	1538 		1 	15 	0.3	철편선+1	1333 		1	15	0.5	철편선+1	800 
	1	15	0.1	철편선+2	4000 		1	15	0.13	철편선+2	3077 		1 	15 	0.15	철편선+2	2667 		1	15	0.25	철편선+2	1600 
	1	15	0.4	흑호선+0	1000 		1	15	0.52	흑호선+0	769 		1 	15 	0.6	흑호선+0	667 		1	15	1	흑호선+0	400 
	1	15	0.2	흑호선+1	2000 		1	15	0.26	흑호선+1	1538 		1 	15 	0.3	흑호선+1	1333 		1	15	0.5	흑호선+1	800 
	1	15	0.1	흑호선+2	4000 		1	15	0.13	흑호선+2	3077 		1 	15 	0.15	흑호선+2	2667 		1	15	0.25	흑호선+2	1600 
	1	15	0.4	학익선+0	1000 		1	15	0.52	학익선+0	769 		1 	15 	0.6	학익선+0	667 		1	15	1	학익선+0	400 
	1	15	0.2	학익선+1	2000 		1	15	0.26	학익선+1	1538 		1 	15 	0.3	학익선+1	1333 		1	15	0.5	학익선+1	800 
	1	15	0.1	학익선+2	4000 		1	15	0.13	학익선+2	3077 		1 	15 	0.15	학익선+2	2667 		1	15	0.25	학익선+2	1600 
	5	15	0.2	공작선+0	2000 		5	15	0.26	공작선+0	1538 		5 	15 	0.3	공작선+0	1333 		5	15	0.5	공작선+0	800 
	5	15	0.1	공작선+1	4000 		5	15	0.13	공작선+1	3077 		5 	15 	0.15	공작선+1	2667 		5	15	0.25	공작선+1	1600 
	5	15	0.04	공작선+2	10000 		5	15	0.052	공작선+2	7692 		5 	15 	0.06	공작선+2	6667 		5	15	0.1	공작선+2	4000 
초급무사갑옷	1	15	0.2	나한갑+0	2000 	초급무사갑옷	1	15	0.26	나한갑+0	1538 	초급무사갑옷	1 	15 	0.3	나한갑+0	1333 	초급무사갑옷	1	15	0.5	나한갑+0	800 
	1	15	0.08	나한갑+1	5000 		1	15	0.104	나한갑+1	3846 		1 	15 	0.12	나한갑+1	3333 		1	15	0.2	나한갑+1	2000 
	1	15	0.032	나한갑+2	12500 		1	15	0.0416	나한갑+2	9615 		1 	15 	0.048	나한갑+2	8333 		1	15	0.08	나한갑+2	5000 
	5	15	0.2	기륭갑+0	2000 		5	15	0.26	기륭갑+0	1538 		5 	15 	0.3	기륭갑+0	1333 		5	15	0.5	기륭갑+0	800 
	5	15	0.08	기륭갑+1	5000 		5	15	0.104	기륭갑+1	3846 		5 	15 	0.12	기륭갑+1	3333 		5	15	0.2	기륭갑+1	2000 
	5	15	0.032	기륭갑+2	12500 		5	15	0.0416	기륭갑+2	9615 		5 	15 	0.048	기륭갑+2	8333 		5	15	0.08	기륭갑+2	5000 
	10	20	0.2	자호갑+0	2000 		10	20	0.26	자호갑+0	1538 		10 	20 	0.3	자호갑+0	1333 		10	20	0.5	자호갑+0	800 
	10	20	0.08	자호갑+1	5000 		10	20	0.104	자호갑+1	3846 		10 	20 	0.12	자호갑+1	3333 		10	20	0.2	자호갑+1	2000 
	10	20	0.032	자호갑+2	12500 		10	20	0.0416	자호갑+2	9615 		10 	20 	0.048	자호갑+2	8333 		10	20	0.08	자호갑+2	5000 
초급자객갑옷	1	15	0.2	탄마+0	2000 	초급자객갑옷	1	15	0.26	탄마+0	1538 	초급자객갑옷	1 	15 	0.3	탄마+0	1333 	초급자객갑옷	1	15	0.5	탄마+0	800 
	1	15	0.08	탄마+1	5000 		1	15	0.104	탄마+1	3846 		1 	15 	0.12	탄마+1	3333 		1	15	0.2	탄마+1	2000 
	1	15	0.032	탄마+2	12500 		1	15	0.0416	탄마+2	9615 		1 	15 	0.048	탄마+2	8333 		1	15	0.08	탄마+2	5000 
	5	15	0.2	극섬+0	2000 		5	15	0.26	극섬+0	1538 		5 	15 	0.3	극섬+0	1333 		5	15	0.5	극섬+0	800 
	5	15	0.08	극섬+1	5000 		5	15	0.104	극섬+1	3846 		5 	15 	0.12	극섬+1	3333 		5	15	0.2	극섬+1	2000 
	5	15	0.032	극섬+2	12500 		5	15	0.0416	극섬+2	9615 		5 	15 	0.048	극섬+2	8333 		5	15	0.08	극섬+2	5000 
	10	20	0.2	다홍+0	2000 		10	20	0.26	다홍+0	1538 		10 	20 	0.3	다홍+0	1333 		10	20	0.5	다홍+0	800 
	10	20	0.08	다홍+1	5000 		10	20	0.104	다홍+1	3846 		10 	20 	0.12	다홍+1	3333 		10	20	0.2	다홍+1	2000 
	10	20	0.032	다홍+2	12500 		10	20	0.0416	다홍+2	9615 		10 	20 	0.048	다홍+2	8333 		10	20	0.08	다홍+2	5000 
초급수라갑옷	1	15	0.2	진혼갑+0	2000 	초급수라갑옷	1	15	0.26	진혼갑+0	1538 	초급수라갑옷	1 	15 	0.3	진혼갑+0	1333 	초급수라갑옷	1	15	0.5	진혼갑+0	800 
	1	15	0.08	진혼갑+1	5000 		1	15	0.104	진혼갑+1	3846 		1 	15 	0.12	진혼갑+1	3333 		1	15	0.2	진혼갑+1	2000 
	1	15	0.032	진혼갑+2	12500 		1	15	0.0416	진혼갑+2	9615 		1 	15 	0.048	진혼갑+2	8333 		1	15	0.08	진혼갑+2	5000 
	5	15	0.2	마극갑+0	2000 		5	15	0.26	마극갑+0	1538 		5 	15 	0.3	마극갑+0	1333 		5	15	0.5	마극갑+0	800 
	5	15	0.08	마극갑+1	5000 		5	15	0.104	마극갑+1	3846 		5 	15 	0.12	마극갑+1	3333 		5	15	0.2	마극갑+1	2000 
	5	15	0.032	마극갑+2	12500 		5	15	0.0416	마극갑+2	9615 		5 	15 	0.048	마극갑+2	8333 		5	15	0.08	마극갑+2	5000 
	10	20	0.2	비운갑+0	2000 		10	20	0.26	비운갑+0	1538 		10 	20 	0.3	비운갑+0	1333 		10	20	0.5	비운갑+0	800 
	10	20	0.08	비운갑+1	5000 		10	20	0.104	비운갑+1	3846 		10 	20 	0.12	비운갑+1	3333 		10	20	0.2	비운갑+1	2000 
	10	20	0.032	비운갑+2	12500 		10	20	0.0416	비운갑+2	9615 		10 	20 	0.048	비운갑+2	8333 		10	20	0.08	비운갑+2	5000 
초급무당갑옷	1	15	0.2	청낭의+0	2000 	초급무당갑옷	1	15	0.26	청낭의+0	1538 	초급무당갑옷	1 	15 	0.3	청낭의+0	1333 	초급무당갑옷	1	15	0.5	청낭의+0	800 
	1	15	0.08	청낭의+1	5000 		1	15	0.104	청낭의+1	3846 		1 	15 	0.12	청낭의+1	3333 		1	15	0.2	청낭의+1	2000 
	1	15	0.032	청낭의+2	12500 		1	15	0.0416	청낭의+2	9615 		1 	15 	0.048	청낭의+2	8333 		1	15	0.08	청낭의+2	5000 
	5	15	0.2	나봉의+0	2000 		5	15	0.26	나봉의+0	1538 		5 	15 	0.3	나봉의+0	1333 		5	15	0.5	나봉의+0	800 
	5	15	0.08	나봉의+1	5000 		5	15	0.104	나봉의+1	3846 		5 	15 	0.12	나봉의+1	3333 		5	15	0.2	나봉의+1	2000 
	5	15	0.032	나봉의+2	12500 		5	15	0.0416	나봉의+2	9615 		5 	15 	0.048	나봉의+2	8333 		5	15	0.08	나봉의+2	5000 
	10	20	0.2	비홍의+0	2000 		10	20	0.26	비홍의+0	1538 		10 	20 	0.3	비홍의+0	1333 		10	20	0.5	비홍의+0	800 
	10	20	0.08	비홍의+1	5000 		10	20	0.104	비홍의+1	3846 		10 	20 	0.12	비홍의+1	3333 		10	20	0.2	비홍의+1	2000 
	10	20	0.032	비홍의+2	12500 		10	20	0.0416	비홍의+2	9615 		10 	20 	0.048	비홍의+2	8333 		10	20	0.08	비홍의+2	5000 
팔찌	5	20	0.0018	나무팔찌+0	222222 	팔찌	5	20	0.00312	나무팔찌+0	128205 	팔찌	5 	20 	0.0036	나무팔찌+0	111111 	팔찌	5	20	0.006	나무팔찌+0	66667 
	5	20	0.00036	나무팔찌+1	1111111 		5	20	0.000624	나무팔찌+1	641026 		5 	20 	0.00072	나무팔찌+1	555556 		5	20	0.0012	나무팔찌+1	333333 
	5	20	0.00012	나무팔찌+2	3333333 		5	20	0.000208	나무팔찌+2	1923077 		5 	20 	0.00024	나무팔찌+2	1666667 		5	20	0.0004	나무팔찌+2	1000000 
	5	20	0.0018	구리팔찌+0	222222 		5	20	0.00312	구리팔찌+0	128205 		5 	20 	0.0036	구리팔찌+0	111111 		5	20	0.006	구리팔찌+0	66667 
	5	20	0.00036	구리팔찌+1	1111111 		5	20	0.000624	구리팔찌+1	641026 		5 	20 	0.00072	구리팔찌+1	555556 		5	20	0.0012	구리팔찌+1	333333 
	5	20	0.00012	구리팔찌+2	3333333 		5	20	0.000208	구리팔찌+2	1923077 		5 	20 	0.00024	구리팔찌+2	1666667 		5	20	0.0004	구리팔찌+2	1000000 
	5	20	0.0018	은팔찌+0	222222 		5	20	0.00312	은팔찌+0	128205 		5 	20 	0.0036	은팔찌+0	111111 		5	20	0.006	은팔찌+0	66667 
	5	20	0.00036	은팔찌+1	1111111 		5	20	0.000624	은팔찌+1	641026 		5 	20 	0.00072	은팔찌+1	555556 		5	20	0.0012	은팔찌+1	333333 
	5	20	0.00012	은팔찌+2	3333333 		5	20	0.000208	은팔찌+2	1923077 		5 	20 	0.00024	은팔찌+2	1666667 		5	20	0.0004	은팔찌+2	1000000 
	5	20	0.0018	금팔찌+0	222222 		5	20	0.00312	금팔찌+0	128205 		5 	20 	0.0036	금팔찌+0	111111 		5	20	0.006	금팔찌+0	66667 
	5	20	0.00036	금팔찌+1	1111111 		5	20	0.000624	금팔찌+1	641026 		5 	20 	0.00072	금팔찌+1	555556 		5	20	0.0012	금팔찌+1	333333 
	5	20	0.00012	금팔찌+2	3333333 		5	20	0.000208	금팔찌+2	1923077 		5 	20 	0.00024	금팔찌+2	1666667 		5	20	0.0004	금팔찌+2	1000000 
신발	5	20	0.024	가죽신발+0	16667 	신발	5	20	0.0416	가죽신발+0	9615 	신발	5 	20 	0.048	가죽신발+0	8333 	신발	5	20	0.08	가죽신발+0	5000 
	5	20	0.004	가죽신발+1	100000 		5	20	0.006933333	가죽신발+1	57692 		5 	20 	0.008	가죽신발+1	50000 		5	20	0.013333333	가죽신발+1	30000 
	5	20	0.0012	가죽신발+2	333333 		5	20	0.00208	가죽신발+2	192308 		5 	20 	0.0024	가죽신발+2	166667 		5	20	0.004	가죽신발+2	100000 
	5	20	0.024	죽피신발+0	16667 		5	20	0.0416	죽피신발+0	9615 		5 	20 	0.048	죽피신발+0	8333 		5	20	0.08	죽피신발+0	5000 
	5	20	0.004	죽피신발+1	100000 		5	20	0.006933333	죽피신발+1	57692 		5 	20 	0.008	죽피신발+1	50000 		5	20	0.013333333	죽피신발+1	30000 
	5	20	0.0012	죽피신발+2	333333 		5	20	0.00208	죽피신발+2	192308 		5 	20 	0.0024	죽피신발+2	166667 		5	20	0.004	죽피신발+2	100000 
	5	20	0.006	목편신발+0	66667 		5	20	0.0104	목편신발+0	38462 		5 	20 	0.012	목편신발+0	33333 		5	20	0.02	목편신발+0	20000 
	5	20	0.0012	목편신발+1	333333 		5	20	0.00208	목편신발+1	192308 		5 	20 	0.0024	목편신발+1	166667 		5	20	0.004	목편신발+1	100000 
	5	20	0.0006	목편신발+2	666667 		5	20	0.00104	목편신발+2	384615 		5 	20 	0.0012	목편신발+2	333333 		5	20	0.002	목편신발+2	200000 
	5	20	0.006	금사신발+0	66667 		5	20	0.0104	금사신발+0	38462 		5 	20 	0.012	금사신발+0	33333 		5	20	0.02	금사신발+0	20000 
	5	20	0.0012	금사신발+1	333333 		5	20	0.00208	금사신발+1	192308 		5 	20 	0.0024	금사신발+1	166667 		5	20	0.004	금사신발+1	100000 
	5	20	0.0006	금사신발+2	666667 		5	20	0.00104	금사신발+2	384615 		5 	20 	0.0012	금사신발+2	333333 		5	20	0.002	금사신발+2	200000 
귀걸이	5	20	0.024	나무귀걸이+0	16667 	귀걸이	5	20	0.0416	나무귀걸이+0	9615 	귀걸이	5 	20 	0.048	나무귀걸이+0	8333 	귀걸이	5	20	0.08	나무귀걸이+0	5000 
	5	20	0.004	나무귀걸이+1	100000 		5	20	0.006933333	나무귀걸이+1	57692 		5 	20 	0.008	나무귀걸이+1	50000 		5	20	0.013333333	나무귀걸이+1	30000 
	5	20	0.0012	나무귀걸이+2	333333 		5	20	0.00208	나무귀걸이+2	192308 		5 	20 	0.0024	나무귀걸이+2	166667 		5	20	0.004	나무귀걸이+2	100000 
	5	20	0.024	구리귀걸이+0	16667 		5	20	0.0416	구리귀걸이+0	9615 		5 	20 	0.048	구리귀걸이+0	8333 		5	20	0.08	구리귀걸이+0	5000 
	5	20	0.004	구리귀걸이+1	100000 		5	20	0.006933333	구리귀걸이+1	57692 		5 	20 	0.008	구리귀걸이+1	50000 		5	20	0.013333333	구리귀걸이+1	30000 
	5	20	0.0012	구리귀걸이+2	333333 		5	20	0.00208	구리귀걸이+2	192308 		5 	20 	0.0024	구리귀걸이+2	166667 		5	20	0.004	구리귀걸이+2	100000 
	5	20	0.006	은귀걸이+0	66667 		5	20	0.0104	은귀걸이+0	38462 		5 	20 	0.012	은귀걸이+0	33333 		5	20	0.02	은귀걸이+0	20000 
	5	20	0.0012	은귀걸이+1	333333 		5	20	0.00208	은귀걸이+1	192308 		5 	20 	0.0024	은귀걸이+1	166667 		5	20	0.004	은귀걸이+1	100000 
	5	20	0.0006	은귀걸이+2	666667 		5	20	0.00104	은귀걸이+2	384615 		5 	20 	0.0012	은귀걸이+2	333333 		5	20	0.002	은귀걸이+2	200000 
	5	20	0.006	금귀걸이+0	66667 		5	20	0.0104	금귀걸이+0	38462 		5 	20 	0.012	금귀걸이+0	33333 		5	20	0.02	금귀걸이+0	20000 
	5	20	0.0012	금귀걸이+1	333333 		5	20	0.00208	금귀걸이+1	192308 		5 	20 	0.0024	금귀걸이+1	166667 		5	20	0.004	금귀걸이+1	100000 
	5	20	0.0006	금귀걸이+2	666667 		5	20	0.00104	금귀걸이+2	384615 		5 	20 	0.0012	금귀걸이+2	333333 		5	20	0.002	금귀걸이+2	200000 
목걸이	5	20	0.024	나무목걸이+0	16667 	목걸이	5	20	0.0416	나무목걸이+0	9615 	목걸이	5 	20 	0.048	나무목걸이+0	8333 	목걸이	5	20	0.08	나무목걸이+0	5000 
	5	20	0.004	나무목걸이+1	100000 		5	20	0.006933333	나무목걸이+1	57692 		5 	20 	0.008	나무목걸이+1	50000 		5	20	0.013333333	나무목걸이+1	30000 
	5	20	0.0012	나무목걸이+2	333333 		5	20	0.00208	나무목걸이+2	192308 		5 	20 	0.0024	나무목걸이+2	166667 		5	20	0.004	나무목걸이+2	100000 
	5	20	0.024	구리목걸이+0	16667 		5	20	0.0416	구리목걸이+0	9615 		5 	20 	0.048	구리목걸이+0	8333 		5	20	0.08	구리목걸이+0	5000 
	5	20	0.004	구리목걸이+1	100000 		5	20	0.006933333	구리목걸이+1	57692 		5 	20 	0.008	구리목걸이+1	50000 		5	20	0.013333333	구리목걸이+1	30000 
	5	20	0.0012	구리목걸이+2	333333 		5	20	0.00208	구리목걸이+2	192308 		5 	20 	0.0024	구리목걸이+2	166667 		5	20	0.004	구리목걸이+2	100000 
	5	20	0.006	은목걸이+0	66667 		5	20	0.0104	은목걸이+0	38462 		5 	20 	0.012	은목걸이+0	33333 		5	20	0.02	은목걸이+0	20000 
	5	20	0.0012	은목걸이+1	333333 		5	20	0.00208	은목걸이+1	192308 		5 	20 	0.0024	은목걸이+1	166667 		5	20	0.004	은목걸이+1	100000 
	5	20	0.0006	은목걸이+2	666667 		5	20	0.00104	은목걸이+2	384615 		5 	20 	0.0012	은목걸이+2	333333 		5	20	0.002	은목걸이+2	200000 
	5	20	0.006	금목걸이+0	66667 		5	20	0.0104	금목걸이+0	38462 		5 	20 	0.012	금목걸이+0	33333 		5	20	0.02	금목걸이+0	20000 
	5	20	0.0012	금목걸이+1	333333 		5	20	0.00208	금목걸이+1	192308 		5 	20 	0.0024	금목걸이+1	166667 		5	20	0.004	금목걸이+1	100000 
	5	20	0.0006	금목걸이+2	666667 		5	20	0.00104	금목걸이+2	384615 		5 	20 	0.0012	금목걸이+2	333333 		5	20	0.002	금목걸이+2	200000 
중급검	15	35	0.106666667	은검+0	3750 	중급검	15	35	0.104	은검+0	3846 	중급검	15 	35 	0.12	은검+0	3333 	중급검	15	35	0.16	은검+0	2500 
	15	35	0.032	은검+1	12500 		15	35	0.0312	은검+1	12821 		15 	35 	0.036	은검+1	11111 		15	35	0.048	은검+1	8333 
	15	35	0.016	은검+2	25000 		15	35	0.0156	은검+2	25641 		15 	35 	0.018	은검+2	22222 		15	35	0.024	은검+2	16667 
	20	35	0.106666667	연검+0	3750 		20	35	0.104	연검+0	3846 		20 	35 	0.12	연검+0	3333 		20	35	0.16	연검+0	2500 
	20	35	0.032	연검+1	12500 		20	35	0.0312	연검+1	12821 		20 	35 	0.036	연검+1	11111 		20	35	0.048	연검+1	8333 
	20	35	0.016	연검+2	25000 		20	35	0.0156	연검+2	25641 		20 	35 	0.018	연검+2	22222 		20	35	0.024	연검+2	16667 
	20	35	0.106666667	사인검+0	3750 		20	35	0.104	사인검+0	3846 		20 	35 	0.12	사인검+0	3333 		20	35	0.16	사인검+0	2500 
	20	35	0.032	사인검+1	12500 		20	35	0.0312	사인검+1	12821 		20 	35 	0.036	사인검+1	11111 		20	35	0.048	사인검+1	8333 
	20	35	0.016	사인검+2	25000 		20	35	0.0156	사인검+2	25641 		20 	35 	0.018	사인검+2	22222 		20	35	0.024	사인검+2	16667 
	20	35	0.106666667	남만도+0	3750 		20	35	0.104	남만도+0	3846 		20 	35 	0.12	남만도+0	3333 		20	35	0.16	남만도+0	2500 
	20	35	0.032	남만도+1	12500 		20	35	0.0312	남만도+1	12821 		20 	35 	0.036	남만도+1	11111 		20	35	0.048	남만도+1	8333 
	20	35	0.016	남만도+2	25000 		20	35	0.0156	남만도+2	25641 		20 	35 	0.018	남만도+2	22222 		20	35	0.024	남만도+2	16667 
중급두손검	15	35	0.106666667	소태도+0	3750 	중급두손검	15	35	0.104	소태도+0	3846 	중급두손검	15 	35 	0.12	소태도+0	3333 	중급두손검	15	35	0.16	소태도+0	2500 
	15	35	0.032	소태도+1	12500 		15	35	0.0312	소태도+1	12821 		15 	35 	0.036	소태도+1	11111 		15	35	0.048	소태도+1	8333 
	15	35	0.016	소태도+2	25000 		15	35	0.0156	소태도+2	25641 		15 	35 	0.018	소태도+2	22222 		15	35	0.024	소태도+2	16667 
	20	35	0.106666667	운검+0	3750 		20	35	0.104	운검+0	3846 		20 	35 	0.12	운검+0	3333 		20	35	0.16	운검+0	2500 
	20	35	0.032	운검+1	12500 		20	35	0.0312	운검+1	12821 		20 	35 	0.036	운검+1	11111 		20	35	0.048	운검+1	8333 
	20	35	0.016	운검+2	25000 		20	35	0.0156	운검+2	25641 		20 	35 	0.018	운검+2	22222 		20	35	0.024	운검+2	16667 
	20	35	0.106666667	묘아검+0	3750 		20	35	0.104	묘아검+0	3846 		20 	35 	0.12	묘아검+0	3333 		20	35	0.16	묘아검+0	2500 
	20	35	0.032	묘아검+1	12500 		20	35	0.0312	묘아검+1	12821 		20 	35 	0.036	묘아검+1	11111 		20	35	0.048	묘아검+1	8333 
	20	35	0.016	묘아검+2	25000 		20	35	0.0156	묘아검+2	25641 		20 	35 	0.018	묘아검+2	22222 		20	35	0.024	묘아검+2	16667 
	20	35	0.106666667	마안도+0	3750 		20	35	0.104	마안도+0	3846 		20 	35 	0.12	마안도+0	3333 		20	35	0.16	마안도+0	2500 
	20	35	0.032	마안도+1	12500 		20	35	0.0312	마안도+1	12821 		20 	35 	0.036	마안도+1	11111 		20	35	0.048	마안도+1	8333 
	20	35	0.016	마안도+2	25000 		20	35	0.0156	마안도+2	25641 		20 	35 	0.018	마안도+2	22222 		20	35	0.024	마안도+2	16667 
중급양손검	15	35	0.106666667	참마도+0	3750 	중급양손검	15	35	0.104	참마도+0	3846 	중급양손검	15 	35 	0.12	참마도+0	3333 	중급양손검	15	35	0.16	참마도+0	2500 
	15	35	0.032	참마도+1	12500 		15	35	0.0312	참마도+1	12821 		15 	35 	0.036	참마도+1	11111 		15	35	0.048	참마도+1	8333 
	15	35	0.016	참마도+2	25000 		15	35	0.0156	참마도+2	25641 		15 	35 	0.018	참마도+2	22222 		15	35	0.024	참마도+2	16667 
	20	35	0.106666667	삼차+0	3750 		20	35	0.104	삼차+0	3846 		20 	35 	0.12	삼차+0	3333 		20	35	0.16	삼차+0	2500 
	20	35	0.032	삼차+1	12500 		20	35	0.0312	삼차+1	12821 		20 	35 	0.036	삼차+1	11111 		20	35	0.048	삼차+1	8333 
	20	35	0.016	삼차+2	25000 		20	35	0.0156	삼차+2	25641 		20 	35 	0.018	삼차+2	22222 		20	35	0.024	삼차+2	16667 
	20	35	0.106666667	단극+0	3750 		20	35	0.104	단극+0	3846 		20 	35 	0.12	단극+0	3333 		20	35	0.16	단극+0	2500 
	20	35	0.032	단극+1	12500 		20	35	0.0312	단극+1	12821 		20 	35 	0.036	단극+1	11111 		20	35	0.048	단극+1	8333 
	20	35	0.016	단극+2	25000 		20	35	0.0156	단극+2	25641 		20 	35 	0.018	단극+2	22222 		20	35	0.024	단극+2	16667 
	20	35	0.106666667	소산부+0	3750 		20	35	0.104	소산부+0	3846 		20 	35 	0.12	소산부+0	3333 		20	35	0.16	소산부+0	2500 
	20	35	0.032	소산부+1	12500 		20	35	0.0312	소산부+1	12821 		20 	35 	0.036	소산부+1	11111 		20	35	0.048	소산부+1	8333 
	20	35	0.016	소산부+2	25000 		20	35	0.0156	소산부+2	25641 		20 	35 	0.018	소산부+2	22222 		20	35	0.024	소산부+2	16667 
중급활	15	35	0.106666667	기마전궁+0	3750 	중급활	15	35	0.104	기마전궁+0	3846 	중급활	15 	35 	0.12	기마전궁+0	3333 	중급활	15	35	0.16	기마전궁+0	2500 
	15	35	0.032	기마전궁+1	12500 		15	35	0.0312	기마전궁+1	12821 		15 	35 	0.036	기마전궁+1	11111 		15	35	0.048	기마전궁+1	8333 
	15	35	0.016	기마전궁+2	25000 		15	35	0.0156	기마전궁+2	25641 		15 	35 	0.018	기마전궁+2	22222 		15	35	0.024	기마전궁+2	16667 
	20	35	0.106666667	동이궁+0	3750 		20	35	0.104	동이궁+0	3846 		20 	35 	0.12	동이궁+0	3333 		20	35	0.16	동이궁+0	2500 
	20	35	0.032	동이궁+1	12500 		20	35	0.0312	동이궁+1	12821 		20 	35 	0.036	동이궁+1	11111 		20	35	0.048	동이궁+1	8333 
	20	35	0.016	동이궁+2	25000 		20	35	0.0156	동이궁+2	25641 		20 	35 	0.018	동이궁+2	22222 		20	35	0.024	동이궁+2	16667 
	20	35	0.106666667	흑록궁+0	3750 		20	35	0.104	흑록궁+0	3846 		20 	35 	0.12	흑록궁+0	3333 		20	35	0.16	흑록궁+0	2500 
	20	35	0.032	흑록궁+1	12500 		20	35	0.0312	흑록궁+1	12821 		20 	35 	0.036	흑록궁+1	11111 		20	35	0.048	흑록궁+1	8333 
	20	35	0.016	흑록궁+2	25000 		20	35	0.0156	흑록궁+2	25641 		20 	35 	0.018	흑록궁+2	22222 		20	35	0.024	흑록궁+2	16667 
	20	35	0.106666667	화안궁+0	3750 		20	35	0.104	화안궁+0	3846 		20 	35 	0.12	화안궁+0	3333 		20	35	0.16	화안궁+0	2500 
	20	35	0.032	화안궁+1	12500 		20	35	0.0312	화안궁+1	12821 		20 	35 	0.036	화안궁+1	11111 		20	35	0.048	화안궁+1	8333 
	20	35	0.016	화안궁+2	25000 		20	35	0.0156	화안궁+2	25641 		20 	35 	0.018	화안궁+2	22222 		20	35	0.024	화안궁+2	16667 
중급방울	5	35	0.106666667	옥령+0	3750 	중급방울	5	35	0.104	옥령+0	3846 	중급방울	5 	35 	0.12	옥령+0	3333 	중급방울	5	35	0.16	옥령+0	2500 
	5	35	0.032	옥령+1	12500 		5	35	0.0312	옥령+1	12821 		5 	35 	0.036	옥령+1	11111 		5	35	0.048	옥령+1	8333 
	5	35	0.016	옥령+2	25000 		5	35	0.0156	옥령+2	25641 		5 	35 	0.018	옥령+2	22222 		5	35	0.024	옥령+2	16667 
	15	35	0.106666667	분수령+0	3750 		15	35	0.104	분수령+0	3846 		15 	35 	0.12	분수령+0	3333 		15	35	0.16	분수령+0	2500 
	15	35	0.032	분수령+1	12500 		15	35	0.0312	분수령+1	12821 		15 	35 	0.036	분수령+1	11111 		15	35	0.048	분수령+1	8333 
	15	35	0.016	분수령+2	25000 		15	35	0.0156	분수령+2	25641 		15 	35 	0.018	분수령+2	22222 		15	35	0.024	분수령+2	16667 
	20	35	0.106666667	매화령+0	3750 		20	35	0.104	매화령+0	3846 		20 	35 	0.12	매화령+0	3333 		20	35	0.16	매화령+0	2500 
	20	35	0.032	매화령+1	12500 		20	35	0.0312	매화령+1	12821 		20 	35 	0.036	매화령+1	11111 		20	35	0.048	매화령+1	8333 
	20	35	0.016	매화령+2	25000 		20	35	0.0156	매화령+2	25641 		20 	35 	0.018	매화령+2	22222 		20	35	0.024	매화령+2	16667 
중급부채	15	35	0.106666667	청수선+0	3750 	중급부채	15	35	0.104	청수선+0	3846 	중급부채	15 	35 	0.12	청수선+0	3333 	중급부채	15	35	0.16	청수선+0	2500 
	15	35	0.032	청수선+1	12500 		15	35	0.0312	청수선+1	12821 		15 	35 	0.036	청수선+1	11111 		15	35	0.048	청수선+1	8333 
	15	35	0.016	청수선+2	25000 		15	35	0.0156	청수선+2	25641 		15 	35 	0.018	청수선+2	22222 		15	35	0.024	청수선+2	16667 
	20	35	0.106666667	절암선+0	3750 		20	35	0.104	절암선+0	3846 		20 	35 	0.12	절암선+0	3333 		20	35	0.16	절암선+0	2500 
	20	35	0.032	절암선+1	12500 		20	35	0.0312	절암선+1	12821 		20 	35 	0.036	절암선+1	11111 		20	35	0.048	절암선+1	8333 
	20	35	0.016	절암선+2	25000 		20	35	0.0156	절암선+2	25641 		20 	35 	0.018	절암선+2	22222 		20	35	0.024	절암선+2	16667 
	20	35	0.106666667	창해선+0	3750 		20	35	0.104	창해선+0	3846 		20 	35 	0.12	창해선+0	3333 		20	35	0.16	창해선+0	2500 
	20	35	0.032	창해선+1	12500 		20	35	0.0312	창해선+1	12821 		20 	35 	0.036	창해선+1	11111 		20	35	0.048	창해선+1	8333 
	20	35	0.016	창해선+2	25000 		20	35	0.0156	창해선+2	25641 		20 	35 	0.018	창해선+2	22222 		20	35	0.024	창해선+2	16667 
	20	35	0.106666667	자린선+0	3750 		20	35	0.104	자린선+0	3846 		20 	35 	0.12	자린선+0	3333 		20	35	0.16	자린선+0	2500 
	20	35	0.032	자린선+1	12500 		20	35	0.0312	자린선+1	12821 		20 	35 	0.036	자린선+1	11111 		20	35	0.048	자린선+1	8333 
	20	35	0.016	자린선+2	25000 		20	35	0.0156	자린선+2	25641 		20 	35 	0.018	자린선+2	22222 		20	35	0.024	자린선+2	16667 
중급무사갑옷	15	40	0.064	사자갑+0	6250 	중급무사갑옷	15	40	0.12	사자갑+0	3333 	중급무사갑옷	15 	40 	0.156	사자갑+0	2564 	중급무사갑옷	15	40	0.24	사자갑+0	1667 
	15	40	0.0256	사자갑+1	15625 		15	40	0.048	사자갑+1	8333 		15 	40 	0.0624	사자갑+1	6410 		15	40	0.096	사자갑+1	4167 
	15	40	0.01024	사자갑+2	39063 		15	40	0.0192	사자갑+2	20833 		15 	40 	0.02496	사자갑+2	16026 		15	40	0.0384	사자갑+2	10417 
	20	40	0.064	자인갑+0	6250 		20	40	0.12	자인갑+0	3333 		20 	40 	0.156	자인갑+0	2564 		20	40	0.24	자인갑+0	1667 
	20	40	0.0256	자인갑+1	15625 		20	40	0.048	자인갑+1	8333 		20 	40 	0.0624	자인갑+1	6410 		20	40	0.096	자인갑+1	4167 
	20	40	0.01024	자인갑+2	39063 		20	40	0.0192	자인갑+2	20833 		20 	40 	0.02496	자인갑+2	16026 		20	40	0.0384	자인갑+2	10417 
	20	40	0.0128	모룡갑+0	31250 		20	40	0.024	모룡갑+0	16667 		20 	40 	0.0312	모룡갑+0	12821 		20	40	0.048	모룡갑+0	8333 
	20	40	0.00256	모룡갑+1	156250 		20	40	0.0048	모룡갑+1	83333 		20 	40 	0.00624	모룡갑+1	64103 		20	40	0.0096	모룡갑+1	41667 
	20	40	0.00128	모룡갑+2	312500 		20	40	0.0024	모룡갑+2	166667 		20 	40 	0.00312	모룡갑+2	128205 		20	40	0.0048	모룡갑+2	83333 
중급자객갑옷	15	40	0.064	비영+0	6250 	중급자객갑옷	15	40	0.12	비영+0	3333 	중급자객갑옷	15 	40 	0.156	비영+0	2564 	중급자객갑옷	15	40	0.24	비영+0	1667 
	15	40	0.0256	비영+1	15625 		15	40	0.048	비영+1	8333 		15 	40 	0.0624	비영+1	6410 		15	40	0.096	비영+1	4167 
	15	40	0.01024	비영+2	39063 		15	40	0.0192	비영+2	20833 		15 	40 	0.02496	비영+2	16026 		15	40	0.0384	비영+2	10417 
	20	40	0.064	영린+0	6250 		20	40	0.12	영린+0	3333 		20 	40 	0.156	영린+0	2564 		20	40	0.24	영린+0	1667 
	20	40	0.0256	영린+1	15625 		20	40	0.048	영린+1	8333 		20 	40 	0.0624	영린+1	6410 		20	40	0.096	영린+1	4167 
	20	40	0.01024	영린+2	39063 		20	40	0.0192	영린+2	20833 		20 	40 	0.02496	영린+2	16026 		20	40	0.0384	영린+2	10417 
	20	40	0.0128	적살+0	31250 		20	40	0.024	적살+0	16667 		20 	40 	0.0312	적살+0	12821 		20	40	0.048	적살+0	8333 
	20	40	0.00256	적살+1	156250 		20	40	0.0048	적살+1	83333 		20 	40 	0.00624	적살+1	64103 		20	40	0.0096	적살+1	41667 
	20	40	0.00128	적살+2	312500 		20	40	0.0024	적살+2	166667 		20 	40 	0.00312	적살+2	128205 		20	40	0.0048	적살+2	83333 
중급수라갑옷	15	40	0.064	사령갑+0	6250 	중급수라갑옷	15	40	0.12	사령갑+0	3333 	중급수라갑옷	15 	40 	0.156	사령갑+0	2564 	중급수라갑옷	15	40	0.24	사령갑+0	1667 
	15	40	0.0256	사령갑+1	15625 		15	40	0.048	사령갑+1	8333 		15 	40 	0.0624	사령갑+1	6410 		15	40	0.096	사령갑+1	4167 
	15	40	0.01024	사령갑+2	39063 		15	40	0.0192	사령갑+2	20833 		15 	40 	0.02496	사령갑+2	16026 		15	40	0.0384	사령갑+2	10417 
	20	40	0.064	음양갑+0	6250 		20	40	0.12	음양갑+0	3333 		20 	40 	0.156	음양갑+0	2564 		20	40	0.24	음양갑+0	1667 
	20	40	0.0256	음양갑+1	15625 		20	40	0.048	음양갑+1	8333 		20 	40 	0.0624	음양갑+1	6410 		20	40	0.096	음양갑+1	4167 
	20	40	0.01024	음양갑+2	39063 		20	40	0.0192	음양갑+2	20833 		20 	40 	0.02496	음양갑+2	16026 		20	40	0.0384	음양갑+2	10417 
	20	40	0.0128	흑비갑+0	31250 		20	40	0.024	흑비갑+0	16667 		20 	40 	0.0312	흑비갑+0	12821 		20	40	0.048	흑비갑+0	8333 
	20	40	0.00256	흑비갑+1	156250 		20	40	0.0048	흑비갑+1	83333 		20 	40 	0.00624	흑비갑+1	64103 		20	40	0.0096	흑비갑+1	41667 
	20	40	0.00128	흑비갑+2	312500 		20	40	0.0024	흑비갑+2	166667 		20 	40 	0.00312	흑비갑+2	128205 		20	40	0.0048	흑비갑+2	83333 
중급무당갑옷	15	40	0.064	미염의+0	6250 	중급무당갑옷	15	40	0.12	미염의+0	3333 	중급무당갑옷	15 	40 	0.156	미염의+0	2564 	중급무당갑옷	15	40	0.24	미염의+0	1667 
	15	40	0.0256	미염의+1	15625 		15	40	0.048	미염의+1	8333 		15 	40 	0.0624	미염의+1	6410 		15	40	0.096	미염의+1	4167 
	15	40	0.01024	미염의+2	39063 		15	40	0.0192	미염의+2	20833 		15 	40 	0.02496	미염의+2	16026 		15	40	0.0384	미염의+2	10417 
	20	40	0.064	서천의+0	6250 		20	40	0.12	서천의+0	3333 		20 	40 	0.156	서천의+0	2564 		20	40	0.24	서천의+0	1667 
	20	40	0.0256	서천의+1	15625 		20	40	0.048	서천의+1	8333 		20 	40 	0.0624	서천의+1	6410 		20	40	0.096	서천의+1	4167 
	20	40	0.01024	서천의+2	39063 		20	40	0.0192	서천의+2	20833 		20 	40 	0.02496	서천의+2	16026 		20	40	0.0384	서천의+2	10417 
	20	40	0.0128	일선의+0	31250 		20	40	0.024	일선의+0	16667 		20 	40 	0.0312	일선의+0	12821 		20	40	0.048	일선의+0	8333 
	20	40	0.00256	일선의+1	156250 		20	40	0.0048	일선의+1	83333 		20 	40 	0.00624	일선의+1	64103 		20	40	0.0096	일선의+1	41667 
	20	40	0.00128	일선의+2	312500 		20	40	0.0024	일선의+2	166667 		20 	40 	0.00312	일선의+2	128205 		20	40	0.0048	일선의+2	83333 
중급팔찌	15	40	0.00192	옥팔찌+0	208333 	중급팔찌	15	40	0.0024	옥팔찌+0	166667 	중급팔찌	15 	40 	0.00234	옥팔찌+0	170940 	중급팔찌	15	40	0.0036	옥팔찌+0	111111 
	15	40	0.000384	옥팔찌+1	1041667 		15	40	0.00048	옥팔찌+1	833333 		15 	40 	0.000468	옥팔찌+1	854701 		15	40	0.00072	옥팔찌+1	555556 
	15	40	0.000128	옥팔찌+2	3125000 		15	40	0.00016	옥팔찌+2	2500000 		15 	40 	0.000156	옥팔찌+2	2564103 		15	40	0.00024	옥팔찌+2	1666667 
	15	40	0.00192	흑단팔찌+0	208333 		15	40	0.0024	흑단팔찌+0	166667 		15 	40 	0.00234	흑단팔찌+0	170940 		15	40	0.0036	흑단팔찌+0	111111 
	15	40	0.000384	흑단팔찌+1	1041667 		15	40	0.00048	흑단팔찌+1	833333 		15 	40 	0.000468	흑단팔찌+1	854701 		15	40	0.00072	흑단팔찌+1	555556 
	15	40	0.000128	흑단팔찌+2	3125000 		15	40	0.00016	흑단팔찌+2	2500000 		15 	40 	0.000156	흑단팔찌+2	2564103 		15	40	0.00024	흑단팔찌+2	1666667 
	20	40	0.000192	진주팔찌+0	2083333 		20	40	0.00024	진주팔찌+0	1666667 		20 	40 	0.000234	진주팔찌+0	1709402 		20	40	0.00036	진주팔찌+0	1111111 
	20	50	0.0000384	진주팔찌+1	10416667 		20	50	0.000048	진주팔찌+1	8333333 		20 	50 	0.0000468	진주팔찌+1	8547009 		20	50	0.000072	진주팔찌+1	5555556 
	20	50	0.0000128	진주팔찌+2	31250000 		20	50	0.000016	진주팔찌+2	25000000 		20 	50 	0.0000156	진주팔찌+2	25641026 		20	50	0.000024	진주팔찌+2	16666667 
	20	50	0.000192	백금팔찌+0	2083333 		20	50	0.00024	백금팔찌+0	1666667 		20 	50 	0.000234	백금팔찌+0	1709402 		20	50	0.00036	백금팔찌+0	1111111 
	20	50	0.0000384	백금팔찌+1	10416667 		20	50	0.000048	백금팔찌+1	8333333 		20 	50 	0.0000468	백금팔찌+1	8547009 		20	50	0.000072	백금팔찌+1	5555556 
	20	50	0.0000128	백금팔찌+2	31250000 		20	50	0.000016	백금팔찌+2	25000000 		20 	50 	0.0000156	백금팔찌+2	25641026 		20	50	0.000024	백금팔찌+2	16666667 
중급신발	15	40	0.0192	가죽전화+0	20833 	중급신발	15	40	0.024	가죽전화+0	16667 	중급신발	15 	40 	0.0234	가죽전화+0	17094 	중급신발	15	40	0.036	가죽전화+0	11111 
	15	40	0.00384	가죽전화+1	104167 		15	40	0.0048	가죽전화+1	83333 		15 	40 	0.00468	가죽전화+1	85470 		15	40	0.0072	가죽전화+1	55556 
	15	40	0.00128	가죽전화+2	312500 		15	40	0.0016	가죽전화+2	250000 		15 	40 	0.00156	가죽전화+2	256410 		15	40	0.0024	가죽전화+2	166667 
	15	40	0.0192	금편신발+0	20833 		15	40	0.024	금편신발+0	16667 		15 	40 	0.0234	금편신발+0	17094 		15	40	0.036	금편신발+0	11111 
	15	40	0.00384	금편신발+1	104167 		15	40	0.0048	금편신발+1	83333 		15 	40 	0.00468	금편신발+1	85470 		15	40	0.0072	금편신발+1	55556 
	15	40	0.00128	금편신발+2	312500 		15	40	0.0016	금편신발+2	250000 		15 	40 	0.00156	금편신발+2	256410 		15	40	0.0024	금편신발+2	166667 
	20	40	0.0128	청동전화+0	31250 		20	40	0.016	청동전화+0	25000 		20 	40 	0.0156	청동전화+0	25641 		20	40	0.024	청동전화+0	16667 
	20	50	0.00256	청동전화+1	156250 		20	50	0.0032	청동전화+1	125000 		20 	50 	0.00312	청동전화+1	128205 		20	50	0.0048	청동전화+1	83333 
	20	50	0.00128	청동전화+2	312500 		20	50	0.0016	청동전화+2	250000 		20 	50 	0.00156	청동전화+2	256410 		20	50	0.0024	청동전화+2	166667 
	20	50	0.0128	옥루신발+0	31250 		20	50	0.016	옥루신발+0	25000 		20 	50 	0.0156	옥루신발+0	25641 		20	50	0.024	옥루신발+0	16667 
	20	50	0.00256	옥루신발+1	156250 		20	50	0.0032	옥루신발+1	125000 		20 	50 	0.00312	옥루신발+1	128205 		20	50	0.0048	옥루신발+1	83333 
	20	50	0.00128	옥루신발+2	312500 		20	50	0.0016	옥루신발+2	250000 		20 	50 	0.00156	옥루신발+2	256410 		20	50	0.0024	옥루신발+2	166667 
중급귀걸이	15	40	0.0192	옥귀걸이+0	20833 	중급귀걸이	15	40	0.024	옥귀걸이+0	16667 	중급목걸이	15 	40 	0.0234	옥귀걸이+0	17094 	중급목걸이	15	40	0.036	옥귀걸이+0	11111 
	15	40	0.00384	옥귀걸이+1	104167 		15	40	0.0048	옥귀걸이+1	83333 		15 	40 	0.00468	옥귀걸이+1	85470 		15	40	0.0072	옥귀걸이+1	55556 
	15	40	0.00128	옥귀걸이+2	312500 		15	40	0.0016	옥귀걸이+2	250000 		15 	40 	0.00156	옥귀걸이+2	256410 		15	40	0.0024	옥귀걸이+2	166667 
	15	40	0.0192	흑단귀걸이+0	20833 		15	40	0.024	흑단귀걸이+0	16667 		15 	40 	0.0234	흑단귀걸이+0	17094 		15	40	0.036	흑단귀걸이+0	11111 
	15	40	0.00384	흑단귀걸이+1	104167 		15	40	0.0048	흑단귀걸이+1	83333 		15 	40 	0.00468	흑단귀걸이+1	85470 		15	40	0.0072	흑단귀걸이+1	55556 
	15	40	0.00128	흑단귀걸이+2	312500 		15	40	0.0016	흑단귀걸이+2	250000 		15 	40 	0.00156	흑단귀걸이+2	256410 		15	40	0.0024	흑단귀걸이+2	166667 
	20	40	0.0128	진주귀걸이+0	31250 		20	40	0.016	진주귀걸이+0	25000 		20 	40 	0.0156	진주귀걸이+0	25641 		20	40	0.024	진주귀걸이+0	16667 
	20	50	0.00256	진주귀걸이+1	156250 		20	50	0.0032	진주귀걸이+1	125000 		20 	50 	0.00312	진주귀걸이+1	128205 		20	50	0.0048	진주귀걸이+1	83333 
	20	50	0.00128	진주귀걸이+2	312500 		20	50	0.0016	진주귀걸이+2	250000 		20 	50 	0.00156	진주귀걸이+2	256410 		20	50	0.0024	진주귀걸이+2	166667 
	20	50	0.0128	백금귀걸이+0	31250 		20	50	0.016	백금귀걸이+0	25000 		20 	50 	0.0156	백금귀걸이+0	25641 		20	50	0.024	백금귀걸이+0	16667 
	20	50	0.00256	백금귀걸이+1	156250 		20	50	0.0032	백금귀걸이+1	125000 		20 	50 	0.00312	백금귀걸이+1	128205 		20	50	0.0048	백금귀걸이+1	83333 
	20	50	0.00128	백금귀걸이+2	312500 		20	50	0.0016	백금귀걸이+2	250000 		20 	50 	0.00156	백금귀걸이+2	256410 		20	50	0.0024	백금귀걸이+2	166667 
중급목걸이	15	40	0.0192	옥목걸이+0	20833 	중급목걸이	15	40	0.024	옥목걸이+0	16667 	중급목걸이	15 	40 	0.0234	옥목걸이+0	17094 	중급목걸이	15	40	0.036	옥목걸이+0	11111 
	15	40	0.00384	옥목걸이+1	104167 		15	40	0.0048	옥목걸이+1	83333 		15 	40 	0.00468	옥목걸이+1	85470 		15	40	0.0072	옥목걸이+1	55556 
	15	40	0.00128	옥목걸이+2	312500 		15	40	0.0016	옥목걸이+2	250000 		15 	40 	0.00156	옥목걸이+2	256410 		15	40	0.0024	옥목걸이+2	166667 
	15	40	0.0192	흑단목걸이+0	20833 		15	40	0.024	흑단목걸이+0	16667 		15 	40 	0.0234	흑단목걸이+0	17094 		15	40	0.036	흑단목걸이+0	11111 
	15	40	0.00384	흑단목걸이+1	104167 		15	40	0.0048	흑단목걸이+1	83333 		15 	40 	0.00468	흑단목걸이+1	85470 		15	40	0.0072	흑단목걸이+1	55556 
	15	40	0.00128	흑단목걸이+2	312500 		15	40	0.0016	흑단목걸이+2	250000 		15 	40 	0.00156	흑단목걸이+2	256410 		15	40	0.0024	흑단목걸이+2	166667 
	20	40	0.0128	진주목걸이+0	31250 		20	40	0.016	진주목걸이+0	25000 		20 	40 	0.0156	진주목걸이+0	25641 		20	40	0.024	진주목걸이+0	16667 
	20	50	0.00256	진주목걸이+1	156250 		20	50	0.0032	진주목걸이+1	125000 		20 	50 	0.00312	진주목걸이+1	128205 		20	50	0.0048	진주목걸이+1	83333 
	20	50	0.00128	진주목걸이+2	312500 		20	50	0.0016	진주목걸이+2	250000 		20 	50 	0.00156	진주목걸이+2	256410 		20	50	0.0024	진주목걸이+2	166667 
	20	50	0.0128	백금목걸이+0	31250 		20	50	0.016	백금목걸이+0	25000 		20 	50 	0.0156	백금목걸이+0	25641 		20	50	0.024	백금목걸이+0	16667 
	20	50	0.00256	백금목걸이+1	156250 		20	50	0.0032	백금목걸이+1	125000 		20 	50 	0.00312	백금목걸이+1	128205 		20	50	0.0048	백금목걸이+1	83333 
	20	50	0.00128	백금목걸이+2	312500 		20	50	0.0016	백금목걸이+2	250000 		20 	50 	0.00156	백금목걸이+2	256410 		20	50	0.0024	백금목걸이+2	166667 
투구	1	21	0.010666667	역사승	37500 	고급한손검	45	99	0.025	혈검+0	16000 	고급한손검	45 	99 	0.05	혈검+0	8000 	고급한손검	40	99	0.125	혈검+0	3200 
	1	21	0.010666667	가죽두건	37500 		45	99	0.005	혈검+1	80000 		45 	99 	0.01	혈검+1	40000 		40	99	0.025	혈검+1	16000 
	1	21	0.010666667	적혈투구	37500 		45	99	0.00125	혈검+2	320000 		45 	99 	0.0025	혈검+2	160000 		40	99	0.00625	혈검+2	64000 
	1	21	0.010666667	법모	37500 		45	99	0.025	묵검+0	16000 		45 	99 	0.05	묵검+0	8000 		40	99	0.125	묵검+0	3200 
물약	1	20	2	빨간물약(소)	200 		45	99	0.005	묵검+2	80000 		45 	99 	0.01	묵검+2	40000 		40	99	0.025	묵검+2	16000 
	20	40	1.5	빨간물약(중)	267 		45	99	0.00125	묵검+3	320000 		45 	99 	0.0025	묵검+3	160000 		40	99	0.00625	묵검+3	64000 
	35	99	1	빨간물약(대)	400 		50	99	0.025	비선검+0	16000 		50 	99 	0.05	비선검+0	8000 		45	99	0.125	비선검+0	3200 
	1	18	4	빨간물약(소)	100 		50	99	0.005	비선검+1	80000 		50 	99 	0.01	비선검+1	40000 		45	99	0.025	비선검+1	16000 
	1	18	2	빨간물약(중)	200 		50	99	0.00125	비선검+2	320000 		50 	99 	0.0025	비선검+2	160000 		45	99	0.00625	비선검+2	64000 
	1	18	1	빨간물약(대)	400 		50	99	0.00625	반월도+0	64000 		50 	99 	0.0125	반월도+0	32000 		45	99	0.03125	반월도+0	12800 
	1	99	1	파란물약(소)	400 		50	99	0.0025	반월도+1	160000 		50 	99 	0.005	반월도+1	80000 		45	99	0.0125	반월도+1	32000 
	1	99	0.4	파란물약(중)	1000 		50	99	0.00125	반월도+2	320000 		50 	99 	0.0025	반월도+2	160000 		45	99	0.00625	반월도+2	64000 
	1	99	0.2	파란물약(대)	2000 	고급두손검	45	99	0.025	마정도+0	16000 	고급두손검	45 	99 	0.05	마정도+0	8000 	고급두손검	40	99	0.125	마정도+0	3200 
	1	99	0	녹색물약(중)	0 		45	99	0.005	마정도+1	80000 		45 	99 	0.01	마정도+1	40000 		40	99	0.025	마정도+1	16000 
	1	99	0	녹색물약(대)	0 		45	99	0.00125	마정도+2	320000 		45 	99 	0.0025	마정도+2	160000 		40	99	0.00625	마정도+2	64000 
	10	50	0.4	보라색물약(중)	1000 		45	99	0.025	혈마검+0	16000 		45 	99 	0.05	혈마검+0	8000 		40	99	0.125	혈마검+0	3200 
	40	99	0.2	보라색물약(대)	2000 		45	99	0.005	혈마검+1	80000 		45 	99 	0.01	혈마검+1	40000 		40	99	0.025	혈마검+1	16000 
퀘스트 스크롤	10	25	0.8	50318	500 		45	99	0.00125	혈마검+2	320000 		45 	99 	0.0025	혈마검+2	160000 		40	99	0.00625	혈마검+2	64000 
	26	40	0.6	50319	667 		50	99	0.025	무극검+0	16000 		50 	99 	0.05	무극검+0	8000 		45	99	0.125	무극검+0	3200 
	41	55	0.4	50320	1000 		50	99	0.005	무극검+1	80000 		50 	99 	0.01	무극검+1	40000 		45	99	0.025	무극검+1	16000 
	56	99	0.2	50321	2000 		50	99	0.00125	무극검+2	320000 		50 	99 	0.0025	무극검+2	160000 		45	99	0.00625	무극검+2	64000 
특수아이템 	1	99	0.0002	축복의 서	2000000 		50	99	0.00625	봉마검+0	64000 		50 	99 	0.0125	봉마검+0	32000 		45	99	0.03125	봉마검+0	12800 
	1	99	0.0004	선두	1000000 		50	99	0.0025	봉마검+1	160000 		50 	99 	0.005	봉마검+1	80000 		45	99	0.0125	봉마검+1	32000 
언어수련	10	99	0.004	신수 어법	100000 		50	99	0.00125	봉마검+2	320000 		50 	99 	0.0025	봉마검+2	160000 		45	99	0.00625	봉마검+2	64000 
	10	99	0.004	천조 어법	100000 	고급양손검	45	99	0.025	빙검+0	16000 	고급양손검	45 	99 	0.05	빙검+0	8000 	고급양손검	40	99	0.125	빙검+0	3200 
	10	99	0.004	진노 어법	100000 		45	99	0.005	빙검+1	80000 		45 	99 	0.01	빙검+1	40000 		40	99	0.025	빙검+1	16000 
보조스킬책	1	99	0.004	손자병법서	100000 		45	99	0.00125	빙검+2	320000 		45 	99 	0.0025	빙검+2	160000 		40	99	0.00625	빙검+2	64000 
	1	99	0.004	오자병법서	100000 		45	99	0.025	십이지검+0	16000 		45 	99 	0.05	십이지검+0	8000 		40	99	0.125	십이지검+0	3200 
	1	99	0.004	위료자	100000 		45	99	0.005	십이지검+1	80000 		45 	99 	0.01	십이지검+1	40000 		40	99	0.025	십이지검+1	16000 
	1	99	0.002	기효신서	200000 		45	99	0.00125	십이지검+2	320000 		45 	99 	0.0025	십이지검+2	160000 		40	99	0.00625	십이지검+2	64000 
	1	99	0.002	연병실기	200000 		50	99	0.025	제세검+0	16000 		50 	99 	0.05	제세검+0	8000 		45	99	0.125	제세검+0	3200 
	1	99	0.002	무비지	200000 		50	99	0.005	제세검+1	80000 		50 	99 	0.01	제세검+1	40000 		45	99	0.025	제세검+1	16000 
기타 아이템	40	99	0	승마권	0 		50	99	0.00125	제세검+2	320000 		50 	99 	0.0025	제세검+2	160000 		45	99	0.00625	제세검+2	64000 
	30	99	0.01	금장보물상자	40000 		50	99	0.00625	사자융+0	64000 		50 	99 	0.0125	사자융+0	32000 		45	99	0.03125	사자융+0	12800 
	1	99	0.015	은장보물상자	26667 		50	99	0.0025	사자융+1	160000 		50 	99 	0.005	사자융+1	80000 		45	99	0.0125	사자융+1	32000 
말사료	25	99	0.2	건초	2000 		50	99	0.00125	사자융+2	320000 		50 	99 	0.0025	사자융+2	160000 		45	99	0.00625	사자융+2	64000 
	35	99	0.1	당근	4000 	고급활	45	99	0.025	천엽궁+0	16000 	고급활	45 	99 	0.05	천엽궁+0	8000 	고급활	40	99	0.125	천엽궁+0	3200 
	50	99	0.05	홍삼	8000 		45	99	0.005	천엽궁+1	80000 		45 	99 	0.01	천엽궁+1	40000 		40	99	0.025	천엽궁+1	16000 
귀환부시리즈	1	49	0.2	27110	2000 		45	99	0.00125	천엽궁+2	320000 		45 	99 	0.0025	천엽궁+2	160000 		40	99	0.00625	천엽궁+2	64000 
	50	99	0.4	27110	1000 		45	99	0.025	소마궁+0	16000 		45 	99 	0.05	소마궁+0	8000 		40	99	0.125	소마궁+0	3200 
	1	99	0.8	귀환부	500 		45	99	0.005	소마궁+1	80000 		45 	99 	0.01	소마궁+1	40000 		40	99	0.025	소마궁+1	16000 
	1	99	0.8	귀환기억부	500 		45	99	0.00125	소마궁+2	320000 		45 	99 	0.0025	소마궁+2	160000 		40	99	0.00625	소마궁+2	64000 
채굴수련서	30	99	0.004	50600	100000 		50	99	0.025	천마궁+0	16000 		50 	99 	0.05	천마궁+0	8000 		45	99	0.125	천마궁+0	3200 
변신관련	10	99	0.04	70104 	10000 		50	99	0.005	천마궁+1	80000 		50 	99 	0.01	천마궁+1	40000 		45	99	0.025	천마궁+1	16000 
	10	99	0.004	50314 	100000 		50	99	0.00125	천마궁+2	320000 		50 	99 	0.0025	천마궁+2	160000 		45	99	0.00625	천마궁+2	64000 
	10	99	0.004	50315 	100000 		50	99	0.00625	사일대궁+0	64000 		50 	99 	0.0125	사일대궁+0	32000 		45	99	0.03125	사일대궁+0	12800 
	10	99	0.004	50316 	100000 		50	99	0.0025	사일대궁+1	160000 		50 	99 	0.005	사일대궁+1	80000 		45	99	0.0125	사일대궁+1	32000 
							50	99	0.00125	사일대궁+2	320000 		50 	99 	0.0025	사일대궁+2	160000 		45	99	0.00625	사일대궁+2	64000 
						고급 방울	45	99	0.025	퇴혼령+0	16000 	고급 방울	45 	99 	0.05	퇴혼령+0	8000 	고급 방울	40	99	0.125	퇴혼령+0	3200 
							45	99	0.005	퇴혼령+1	80000 		45 	99 	0.01	퇴혼령+1	40000 		40	99	0.025	퇴혼령+1	16000 
							45	99	0.00125	퇴혼령+2	320000 		45 	99 	0.0025	퇴혼령+2	160000 		40	99	0.00625	퇴혼령+2	64000 
							50	99	0.025	금사령+0	16000 		50 	99 	0.05	금사령+0	8000 		40	99	0.125	금사령+0	3200 
							50	99	0.005	금사령+1	80000 		50 	99 	0.01	금사령+1	40000 		40	99	0.025	금사령+1	16000 
							50	99	0.00125	금사령+2	320000 		50 	99 	0.0025	금사령+2	160000 		40	99	0.00625	금사령+2	64000 
							50	99	0.025	철사령+0	16000 		50 	99 	0.05	철사령+0	8000 		45	99	0.125	철사령+0	3200 
							50	99	0.005	철사령+1	80000 		50 	99 	0.01	철사령+1	40000 		45	99	0.025	철사령+1	16000 
							50	99	0.00125	철사령+2	320000 		50 	99 	0.0025	철사령+2	160000 		45	99	0.00625	철사령+2	64000 
						고급팔찌	45	99	0.00009	수정팔찌+0	4444444 	고급팔찌	45 	99 	0.00018	수정팔찌+0	2222222 	고급팔찌	40	99	0.00045	수정팔찌+0	888889 
							45	99	0.000018	수정팔찌+1	22222222 		45 	99 	0.000036	수정팔찌+1	11111111 		40	99	0.00009	수정팔찌+1	4444444 
							45	99	0.000006	수정팔찌+2	66666667 		45 	99 	0.000012	수정팔찌+2	33333333 		40	99	0.00003	수정팔찌+2	13333333 
							45	99	0.00009	자수정팔찌+0	4444444 		45 	99 	0.00018	자수정팔찌+0	2222222 		45	99	0.00045	자수정팔찌+0	888889 
							45	99	0.000018	자수정팔찌+1	22222222 		45 	99 	0.000036	자수정팔찌+1	11111111 		45	99	0.00009	자수정팔찌+1	4444444 
							45	99	0.000006	자수정팔찌+2	66666667 		45 	99 	0.000012	자수정팔찌+2	33333333 		45	99	0.00003	자수정팔찌+2	13333333 
							50	99	0.00009	천루팔찌+0	4444444 		50 	99 	0.00018	천루팔찌+0	2222222 		50	99	0.00045	천루팔찌+0	888889 
							50	99	0.000018	천루팔찌+1	22222222 		50 	99 	0.000036	천루팔찌+1	11111111 		50	99	0.00009	천루팔찌+1	4444444 
							50	99	0.000006	천루팔찌+2	66666667 		50 	99 	0.000012	천루팔찌+2	33333333 		50	99	0.00003	천루팔찌+2	13333333 
						고급신발	45	99	0.0045	삼매신발+0	88889 	고급신발	45 	99 	0.009	삼매신발+0	44444 	고급신발	40	99	0.0225	삼매신발+0	17778 
							45	99	0.0009	삼매신발+1	444444 		45 	99 	0.0018	삼매신발+1	222222 		40	99	0.0045	삼매신발+1	88889 
							45	99	0.0003	삼매신발+2	1333333 		45 	99 	0.0006	삼매신발+2	666667 		40	99	0.0015	삼매신발+2	266667 
							45	99	0.0045	운답전화+0	88889 		45 	99 	0.009	운답전화+0	44444 		45	99	0.0225	운답전화+0	17778 
							45	99	0.0009	운답전화+1	444444 		45 	99 	0.0018	운답전화+1	222222 		45	99	0.0045	운답전화+1	88889 
							45	99	0.0003	운답전화+2	1333333 		45 	99 	0.0006	운답전화+2	666667 		45	99	0.0015	운답전화+2	266667 
							50	99	0.0015	천붕신발+0	266667 		50 	99 	0.003	천붕신발+0	133333 		45	99	0.0075	천붕신발+0	53333 
							50	99	0.0003	천붕신발+1	1333333 		50 	99 	0.0006	천붕신발+1	666667 		45	99	0.0015	천붕신발+1	266667 
							50	99	0.00015	천붕신발+2	2666667 		50 	99 	0.0003	천붕신발+2	1333333 		45	99	0.00075	천붕신발+2	533333 
							50	99	0.0015	화조신발+0	266667 		50 	99 	0.003	화조신발+0	133333 		50	99	0.0075	화조신발+0	53333 
							50	99	0.0003	화조신발+1	1333333 		50 	99 	0.0006	화조신발+1	666667 		50	99	0.0015	화조신발+1	266667 
							50	99	0.00015	화조신발+2	2666667 		50 	99 	0.0003	화조신발+2	1333333 		50	99	0.00075	화조신발+2	533333 
						고급귀걸이	45	99	0.0045	수정귀걸이+0	88889 	고급귀걸이	45 	99 	0.009	수정귀걸이+0	44444 	고급귀걸이	40	99	0.0225	수정귀걸이+0	17778 
							45	99	0.0009	수정귀걸이+1	444444 		45 	99 	0.0018	수정귀걸이+1	222222 		40	99	0.0045	수정귀걸이+1	88889 
							45	99	0.0003	수정귀걸이+2	1333333 		45 	99 	0.0006	수정귀걸이+2	666667 		40	99	0.0015	수정귀걸이+2	266667 
							45	99	0.0045	자수정귀걸이+0	88889 		45 	99 	0.009	자수정귀걸이+0	44444 		45	99	0.0225	자수정귀걸이+0	17778 
							45	99	0.0009	자수정귀걸이+1	444444 		45 	99 	0.0018	자수정귀걸이+1	222222 		45	99	0.0045	자수정귀걸이+1	88889 
							45	99	0.0003	자수정귀걸이+2	1333333 		45 	99 	0.0006	자수정귀걸이+2	666667 		45	99	0.0015	자수정귀걸이+2	266667 
							50	99	0.0045	천루귀걸이+0	88889 		50 	99 	0.009	천루귀걸이+0	44444 		50	99	0.0225	천루귀걸이+0	17778 
							50	99	0.0009	천루귀걸이+1	444444 		50 	99 	0.0018	천루귀걸이+1	222222 		50	99	0.0045	천루귀걸이+1	88889 
							50	99	0.0003	천루귀걸이+2	1333333 		50 	99 	0.0006	천루귀걸이+2	666667 		50	99	0.0015	천루귀걸이+2	266667 
						고급목걸이	45	99	0.0045	수정목걸이+0	88889 	고급목걸이	45 	99 	0.009	수정목걸이+0	44444 	고급목걸이	40	99	0.0225	수정목걸이+0	17778 
							45	99	0.0009	수정목걸이+1	444444 		45 	99 	0.0018	수정목걸이+1	222222 		40	99	0.0045	수정목걸이+1	88889 
							45	99	0.0003	수정목걸이+2	1333333 		45 	99 	0.0006	수정목걸이+2	666667 		40	99	0.0015	수정목걸이+2	266667 
							45	99	0.0045	자수정목걸이+0	88889 		45 	99 	0.009	자수정목걸이+0	44444 		45	99	0.0225	자수정목걸이+0	17778 
							45	99	0.0009	자수정목걸이+1	444444 		45 	99 	0.0018	자수정목걸이+1	222222 		45	99	0.0045	자수정목걸이+1	88889 
							45	99	0.0003	자수정목걸이+2	1333333 		45 	99 	0.0006	자수정목걸이+2	666667 		45	99	0.0015	자수정목걸이+2	266667 
							50	99	0.0045	천루목걸이+0	88889 		50 	99 	0.009	천루목걸이+0	44444 		50	99	0.0225	천루목걸이+0	17778 
							50	99	0.0009	천루목걸이+1	444444 		50 	99 	0.0018	천루목걸이+1	222222 		50	99	0.0045	천루목걸이+1	88889 
							50	99	0.0003	천루목걸이+2	1333333 		50 	99 	0.0006	천루목걸이+2	666667 		50	99	0.0015	천루목걸이+2	266667 
						투구	1	21	0.005	역사승	80000 	투구	1 	21 	0.008	역사승	50000 	투구	1	21	0.02	역사승	20000 
							1	21	0.005	가죽두건	80000 		1 	21 	0.008	가죽두건	50000 		1	21	0.02	가죽두건	20000 
							1	21	0.005	적혈투구	80000 		1 	21 	0.008	적혈투구	50000 		1	21	0.02	적혈투구	20000 
							1	21	0.005	법모	80000 		1 	21 	0.008	법모	50000 		1	21	0.02	법모	20000 
							15	41	0.004	철편투구	100000 		15 	41 	0.005	철편투구	80000 		15	41	0.0125	철편투구	32000 
							15	41	0.004	연환두건	100000 		15 	41 	0.005	연환두건	80000 		15	41	0.0125	연환두건	32000 
							15	41	0.004	애희투구	100000 		15 	41 	0.005	애희투구	80000 		15	41	0.0125	애희투구	32000 
							15	41	0.004	태을모	100000 		15 	41 	0.005	태을모	80000 		15	41	0.0125	태을모	32000 
						물약	1	20	2	빨간물약(소)	200 		35 	99 	0.004	귀면투구	100000 		35	99	0.01	귀면투구	40000 
							20	40	1.5	빨간물약(중)	267 		35 	99 	0.004	철륜두건	100000 		35	99	0.01	철륜두건	40000 
							35	99	1	빨간물약(대)	400 		35 	99 	0.004	북성투구	100000 		35	99	0.01	북성투구	40000 
							1	18	4	빨간물약(소)	100 		35 	99 	0.004	선광모	100000 		35	99	0.01	선광모	40000 
							1	18	2	빨간물약(중)	200 	물약	1 	20 	2	빨간물약(소)	200 	물약	1	20	2	빨간물약(소)	200 
							1	18	1	빨간물약(대)	400 		20 	40 	1.5	빨간물약(중)	267 		20	40	1.5	빨간물약(중)	267 
							1	99	1.3	파란물약(소)	308 		35 	99 	1	빨간물약(대)	400 		35	99	1	빨간물약(대)	400 
							1	99	0.52	파란물약(중)	769 		1 	18 	3	빨간물약(소)	133 		1	18	4	빨간물약(소)	100 
							1	99	0.26	파란물약(대)	1538 		1 	18 	2.25	빨간물약(중)	178 		1	18	3	빨간물약(중)	133 
							1	99	0	녹색물약(중)	0 		1 	18 	1.5	빨간물약(대)	267 		1	18	2	빨간물약(대)	200 
							1	99	0	녹색물약(대)	0 		1 	99 	1.5	파란물약(소)	267 		1	99	2	파란물약(소)	200 
							10	50	0.4	보라색물약(중)	1000 		1 	99 	0.6	파란물약(중)	667 		1	99	0.8	파란물약(중)	500 
							40	99	0.2	보라색물약(대)	2000 		1 	99 	0.3	파란물약(대)	1333 		1	99	0.4	파란물약(대)	1000 
						퀘스트 스크롤	10	25	1.04	50318	385 		1 	99 	0	녹색물약(중)	0 		1	99	0	녹색물약(중)	0 
							26	40	0.78	50319	513 		1 	99 	0	녹색물약(대)	0 		1	99	0	녹색물약(대)	0 
							41	55	0.52	50320	769 		10	50	0.4	보라색물약(중)	1000 		10	50	0.4	보라색물약(중)	1000 
							56	99	0.52	50321	769 		40	99	0.2	보라색물약(대)	2000 		40	99	0.2	보라색물약(대)	2000 
						특수아이템 	1	99	0.0002	축복의 서	2000000 	퀘스트 스크롤	10 	25 	1.2	50318	333 	퀘스트 스크롤	10	25	1.6	50318	250 
							1	99	0.0004	선두	1000000 		26 	40 	0.9	50319	444 		26	40	1.2	50319	333 
						언어수련	10	99	0.004	신수 어법	100000 		41 	55 	0.6	50320	667 		41	55	0.8	50320	500 
							10	99	0.004	천조 어법	100000 		56 	99 	0.3	50321	1333 		56	99	0.4	50321	1000 
							10	99	0.004	진노 어법	100000 	특수아이템 	1 	99 	0.0002	축복의 서	2000000 	특수아이템 	1	99	0.0002	축복의 서	2000000 
						보조스킬책	1	99	0.004	손자병법서	100000 		1 	99 	0.0004	선두	1000000 		1	99	0.0004	선두	1000000 
							1	99	0.004	오자병법서	100000 	언어수련	10 	99 	0.004	신수 어법	100000 	언어수련	10	99	0.004	신수 어법	100000 
							1	99	0.004	위료자	100000 		10 	99 	0.004	천조 어법	100000 		10	99	0.004	천조 어법	100000 
							1	99	0.002	기효신서	200000 		10 	99 	0.004	진노 어법	100000 		10	99	0.004	진노 어법	100000 
							1	99	0.002	연병실기	200000 	보조스킬책	1 	99 	0.004	손자병법서	100000 	보조스킬책	1	99	0.004	손자병법서	100000 
							1	99	0.002	무비지	200000 		1 	99 	0.004	오자병법서	100000 		1	99	0.004	오자병법서	100000 
						기타아이템	40	99	0	승마권	0 		1 	99 	0.004	위료자	100000 		1	99	0.004	위료자	100000 
							30	99	0.01	금장보물상자	40000 		1 	99 	0.002	기효신서	200000 		1	99	0.002	기효신서	200000 
							1	99	0.015	은장보물상자	26667 		1 	99 	0.002	연병실기	200000 		1	99	0.002	연병실기	200000 
						말사료	25	99	0.2	건초	2000 		1 	99 	0.002	무비지	200000 		1	99	0.002	무비지	200000 
							35	99	0.1	당근	4000 	기타아이템	40 	99 	0	승마권	0 	기타아이템	40	99	0	승마권	0 
							50	99	0.05	홍삼	8000 		40 	99 	0.08	흡영서	5000 		40	99	0.08	흡영서	5000 
						귀환부시리즈	1	49	0.2	27110	2000 		30 	99 	0.01	금장보물상자	40000 		30	99	0.01	금장보물상자	40000 
							50	99	0.4	27110	1000 		1 	99 	0.015	은장보물상자	26667 		1	99	0.015	은장보물상자	26667 
							1	99	0.8	귀환부	500 	말사료	25 	99 	0.2	건초	2000 	말사료	25	99	0.2	건초	2000 
							1	99	0.8	귀환기억부	500 		35 	99 	0.1	당근	4000 		35	99	0.1	당근	4000 
						채굴수련서	30	99	0.004	50600	100000 		50 	99 	0.05	홍삼	8000 		50	99	0.05	홍삼	8000 
						변신관련	10	99	0.04	70105 	10000 	귀환부시리즈	1	49	0.2	27110	2000 	귀환부시리즈	1	49	0.2	27110	2000 
							10	99	0.004	50314 	100000 		50	99	0.4	27110	1000 		50	99	0.4	27110	1000 
							10	99	0.004	50315 	100000 		1	99	0.8	귀환부	500 		1	99	0.8	귀환부	500 
							10	99	0.004	50316 	100000 		1	99	0.8	귀환기억부	500 		1	99	0.8	귀환기억부	500 
												채굴수련서	30	99	0.004	50600	100000 	채굴수련서	30	99	0.004	50600	100000 
												변신관련	10	99	0.04	70106 	10000 	변신관련	10	99	0.04	70107 	10000 
													10	99	0.004	50314 	100000 		10	99	0.004	50314 	100000 
													10	99	0.004	50315 	100000 		10	99	0.004	50315 	100000 
													10	99	0.004	50316 	100000 		10	99	0.004	50316 	100000 
